labels 2 3 1
2 0.944114 0.055738 0.000148364
2 0.937175 0.0626775 0.000147303
1 0.106306 0.00634135 0.887353
3 0.0107473 0.987564 0.00168834
2 0.948472 0.0508031 0.000724901
3 0.010754 0.987559 0.00168707
2 0.944258 0.0557405 1.00831e-006
2 0.942269 0.0577302 1.02e-006
1 0.172993 0.0233124 0.803695
3 0.0107638 0.987548 0.0016878
2 0.954178 0.045796 2.59562e-005
3 0.0107567 0.987556 0.00168781
2 0.955969 0.0440212 9.54739e-006
3 0.0107527 0.987557 0.00169053
3 0.0107525 0.987561 0.00168673
2 0.957328 0.0424311 0.000241322
3 0.0107437 0.987568 0.00168857
2 0.953436 0.0465638 4.30412e-007
3 0.0107521 0.987557 0.00169086
2 0.943858 0.0558022 0.000339586
3 0.0107494 0.98756 0.00169027
2 0.964366 0.034986 0.000648349
3 0.0106384 0.987682 0.00167927
2 0.938705 0.0555872 0.00570831
2 0.937473 0.0568254 0.00570172
2 0.957924 0.042071 5.01398e-006
3 0.0107475 0.987564 0.00168877
3 0.0107487 0.987565 0.00168628
1 0.282038 0.0142662 0.703696
3 0.0107526 0.987562 0.0016859
1 0.0790352 0.00461981 0.916345
3 0.0107617 0.987549 0.00168952
1 0.0485694 0.00326352 0.948167
3 0.0107489 0.987563 0.00168834
2 0.967249 0.0326709 7.97225e-005
3 0.0107526 0.987562 0.00168586
1 0.290005 0.0165983 0.693397
3 0.0107454 0.987566 0.00168818
2 0.953462 0.0450585 0.00147942
3 0.0107545 0.98756 0.00168591
1 0.0479778 0.00321214 0.94881
3 0.0106859 0.987629 0.00168541
1 0.127816 0.0134599 0.858724
3 0.0107651 0.987546 0.00168905
1 0.216787 0.0137578 0.769456
3 0.0107505 0.987564 0.00168581
2 0.958566 0.0414301 3.71404e-006
3 0.01075 0.987561 0.0016891
2 0.944176 0.0557357 8.83297e-005
3 0.0107518 0.987562 0.00168581
1 0.181958 0.0185476 0.799495
3 0.0107533 0.98756 0.0016865
2 0.944275 0.055722 3.15106e-006
3 0.0107326 0.987583 0.0016848
1 0.311083 0.014707 0.67421
3 0.0107591 0.987554 0.00168728
2 0.965711 0.0342629 2.56835e-005
3 0.0107378 0.987574 0.00168853
2 0.953707 0.0462926 8.03955e-008
2 0.950837 0.0491628 8.03561e-008
2 0.899155 0.0258702 0.0749751
3 0.0107334 0.987581 0.00168512
2 0.957206 0.0425669 0.000226604
3 0.0107685 0.987543 0.00168836
2 0.956673 0.0349579 0.00836873
3 0.0107526 0.987556 0.00169126
2 0.963626 0.036372 2.40274e-006
3 0.0107677 0.987543 0.00168917
2 0.851444 0.0298414 0.118715
3 0.0107527 0.987561 0.00168595
2 0.927977 0.0198785 0.0521448
3 0.0107527 0.987561 0.00168596
2 0.948999 0.0508088 0.000192201
3 0.0107537 0.98756 0.00168621
2 0.947206 0.0523927 0.000401158
3 0.010752 0.98756 0.0016885
2 0.952847 0.0468255 0.000327915
3 0.0107538 0.98756 0.00168622
3 0.0107564 0.987555 0.00168858
2 0.945679 0.0543203 2.85779e-007
3 0.010743 0.987568 0.00168855
2 0.951874 0.0480453 8.04409e-005
3 0.0107542 0.987557 0.00168901
2 0.965771 0.0341818 4.72161e-005
3 0.010768 0.987542 0.00169024
2 0.578157 0.0186989 0.403145
3 0.0107532 0.987558 0.00168921
2 0.967486 0.0323899 0.000123647
3 0.010737 0.987575 0.00168757
2 0.943786 0.0557009 0.000513113
3 0.0107513 0.987563 0.0016861
1 0.0146904 0.00103168 0.984278
3 0.0107555 0.987556 0.00168857
2 0.962105 0.0365746 0.00132025
3 0.0107459 0.987566 0.0016881
2 0.978892 0.0210615 4.63071e-005
3 0.010744 0.987568 0.00168795
2 0.951218 0.048773 8.84452e-006
3 0.0107527 0.987559 0.00168776
2 0.948287 0.048343 0.00337051
3 0.0107562 0.987555 0.0016886
3 0.010752 0.987562 0.00168613
2 0.955806 0.044189 4.58117e-006
3 0.010749 0.987562 0.00168877
2 0.9661 0.0320554 0.00184431
3 0.010765 0.987547 0.00168839
3 0.0107532 0.987558 0.00168843
2 0.943067 0.0557167 0.00121607
3 0.0107489 0.987564 0.00168743
2 0.951788 0.0482009 1.10689e-005
3 0.0107417 0.987572 0.00168588
2 0.950076 0.0497631 0.00016049
3 0.0107424 0.987569 0.00168885
2 0.947778 0.0522175 4.3224e-006
3 0.0107432 0.98757 0.00168638
2 0.949171 0.050828 6.63203e-007
3 0.010657 0.987663 0.00167985
2 0.957176 0.042812 1.20307e-005
3 0.0107663 0.987544 0.00168946
2 0.926359 0.0432393 0.0304017
3 0.0107514 0.987559 0.00169004
3 0.0107492 0.987562 0.00168841
2 0.944077 0.0557716 0.000151154
3 0.0107531 0.987559 0.0016884
2 0.969823 0.0301761 1.09199e-006
3 0.0107549 0.987557 0.00168824
2 0.946198 0.0537983 4.1624e-006
3 0.0107443 0.987568 0.00168798
2 0.957995 0.0419726 3.27518e-005
3 0.0107418 0.98757 0.00168848
2 0.945972 0.0477169 0.00631143
3 0.0106254 0.987696 0.00167887
2 0.565464 0.011625 0.422911
3 0.0107607 0.98755 0.0016892
2 0.967066 0.0329319 1.98259e-006
3 0.0107409 0.987573 0.0016863
2 0.832298 0.0141714 0.153531
3 0.01075 0.987562 0.00168827
2 0.953254 0.0467448 8.43381e-007
3 0.0107538 0.987556 0.00169035
1 0.101353 0.0116774 0.88697
3 0.0107501 0.987562 0.0016884
2 0.533924 0.00912636 0.45695
3 0.0107389 0.987574 0.00168661
2 0.969544 0.0304553 1.13951e-006
3 0.0107551 0.987556 0.00168859
2 0.952545 0.0474533 1.86745e-006
3 0.010756 0.987556 0.00168829
3 0.0107519 0.98756 0.0016884
1 0.0474193 0.00245002 0.950131
3 0.0104964 0.987837 0.00166704
2 0.93457 0.0554864 0.00994325
3 0.0107498 0.987562 0.00168793
2 0.944268 0.0453089 0.0104234
3 0.0107332 0.98758 0.00168666
2 0.953328 0.0466612 1.08868e-005
3 0.0107449 0.987568 0.00168666
2 0.566663 0.0181378 0.415199
3 0.0107638 0.987547 0.00168919
2 0.848117 0.0212631 0.13062
3 0.0107504 0.987561 0.00168887
2 0.955396 0.0446037 1.49973e-007
3 0.0107492 0.987562 0.00168864
2 0.947273 0.0523933 0.000333675
3 0.0107361 0.987576 0.00168748
2 0.953423 0.0465756 1.19734e-006
3 0.0107519 0.987559 0.00168889
2 0.967628 0.0323231 4.86297e-005
3 0.0107373 0.987574 0.00168851
2 0.936673 0.0554474 0.00787948
3 0.0107349 0.987575 0.00169052
2 0.955898 0.0305492 0.0135523
3 0.0107462 0.987563 0.00169078
2 0.837454 0.0174384 0.145107
3 0.0107434 0.987569 0.00168721
2 0.954208 0.0457763 1.54049e-005
3 0.0107342 0.987577 0.00168917
2 0.710447 0.0252412 0.264312
3 0.0107414 0.987568 0.00169015
3 0.0107413 0.98757 0.0016886
2 0.963974 0.0360235 2.52929e-006
3 0.0107521 0.98756 0.00168842
3 0.0107511 0.987563 0.00168545
2 0.944232 0.0557675 1.69354e-007
3 0.0107404 0.987572 0.00168748
2 0.897208 0.102339 0.000453062
3 0.0107348 0.987577 0.00168776
2 0.952982 0.047018 3.46272e-007
3 0.0107508 0.987561 0.00168808
2 0.964918 0.0350798 1.94556e-006
3 0.0107604 0.987551 0.0016884
1 0.234812 0.00434026 0.760848
3 0.0107534 0.987558 0.00168843
2 0.972468 0.027526 6.06632e-006
3 0.0107585 0.987552 0.00168904
1 0.0436974 0.00218202 0.954121
3 0.0107575 0.987554 0.00168889
2 0.968817 0.031119 6.36645e-005
3 0.0107427 0.987571 0.00168588
2 0.948974 0.0510255 1.99363e-007
3 0.00314073 0.99547 0.00138909
2 0.95393 0.0460697 5.00337e-008
3 0.0107506 0.987563 0.0016866
2 0.954856 0.0381426 0.00700117
3 0.0107495 0.987564 0.00168694
3 0.0107637 0.987545 0.00169167
2 0.973445 0.0260534 0.000501806
3 0.010759 0.987554 0.00168672
2 0.962149 0.0378385 1.28328e-005
2 0.899855 0.098748 0.00139745
2 0.959889 0.0363929 0.00371857
3 0.0107498 0.987563 0.00168749
2 0.953546 0.0464532 4.62337e-007
3 0.0107491 0.987563 0.00168824
2 0.956025 0.0429594 0.00101594
3 0.0107499 0.987562 0.00168825
2 0.969993 0.0300049 2.5097e-006
3 0.0107415 0.987572 0.00168601
3 0.010758 0.987556 0.00168576
2 0.961206 0.0386999 9.42925e-005
3 0.0107494 0.987565 0.00168544
2 0.966714 0.0332461 3.93788e-005
3 0.010608 0.987716 0.00167606
2 0.958462 0.0351418 0.00639659
3 0.0107371 0.987576 0.00168707
2 0.947035 0.0523935 0.000571383
3 0.0107589 0.987554 0.00168735
3 0.0107624 0.987552 0.001686
2 0.955382 0.0443911 0.000226714
3 0.0107329 0.987577 0.00168985
3 0.0107075 0.987607 0.00168546
2 0.956106 0.0438865 7.81383e-006
3 0.0107499 0.987563 0.00168728
1 0.183151 0.00321115 0.813638
3 0.0107546 0.987557 0.00168824
1 0.156787 0.0507338 0.79248
3 0.0107485 0.987561 0.00169094
2 0.944256 0.0557119 3.18762e-005
3 0.0107341 0.987578 0.00168796
2 0.944502 0.0474158 0.00808189
3 0.0107491 0.987564 0.00168682
2 0.96877 0.0310668 0.000163096
3 0.0107493 0.987561 0.00168931
2 0.962977 0.0370205 2.6048e-006
3 0.0107494 0.98756 0.00169064
2 0.981093 0.0183938 0.000513376
3 0.0107484 0.987565 0.00168694
1 0.0955 0.00121519 0.903285
3 0.0107536 0.987559 0.00168735
2 0.944229 0.0557389 3.17057e-005
3 0.0107335 0.987578 0.00168888
2 0.967533 0.0240603 0.0084067
3 0.0107615 0.987552 0.00168605
2 0.977987 0.0220126 5.38574e-007
3 0.0107397 0.987571 0.00168883
2 0.81419 0.0180886 0.167722
3 0.0107504 0.98756 0.00168944
2 0.96859 0.0177622 0.0136477
3 0.0107616 0.987552 0.00168641
2 0.944199 0.0557444 5.68594e-005
3 0.0107464 0.987568 0.00168581
2 0.948462 0.0515376 3.37218e-007
3 0.0107384 0.987574 0.00168794
2 0.966268 0.0337304 1.64515e-006
3 0.010741 0.987572 0.00168713
2 0.945901 0.05376 0.000338728
3 0.0107613 0.987552 0.00168643
2 0.962051 0.0379462 2.94811e-006
3 0.0107573 0.987551 0.00169161
2 0.946729 0.047462 0.00580871
3 0.0107465 0.987566 0.00168714
2 0.943731 0.0557795 0.000489588
3 0.0107519 0.98756 0.00168774
2 0.93846 0.0225792 0.0389607
3 0.0107477 0.987566 0.00168617
2 0.97516 0.0245794 0.000260786
3 0.0107511 0.987558 0.00169052
2 0.947892 0.0520683 3.96154e-005
3 0.0107413 0.987571 0.00168809
2 0.947675 0.0523236 1.46754e-006
3 0.0105825 0.987742 0.0016752
3 0.0107487 0.987566 0.00168572
2 0.966596 0.021326 0.0120783
3 0.0107416 0.987572 0.00168604
3 0.0107583 0.987554 0.00168779
2 0.917606 0.0559091 0.0264847
3 0.0107499 0.987563 0.00168666
2 0.941338 0.0538406 0.00482157
3 0.0107628 0.987549 0.00168785
2 0.964562 0.0289815 0.00645671
3 0.0107646 0.987548 0.00168698
3 0.0107515 0.987558 0.0016909
2 0.960822 0.0391698 7.92312e-006
3 0.0107439 0.987568 0.00168822
2 0.944043 0.0557444 0.0002123
3 0.0107539 0.987556 0.00169064
2 0.956302 0.0436923 5.86191e-006
3 0.0107487 0.987561 0.00169019
3 0.0107495 0.987565 0.00168544
2 0.955812 0.0440748 0.000112739
3 0.010769 0.987545 0.00168649
2 0.915749 0.0528845 0.0313662
3 0.0107509 0.987563 0.00168576
2 0.944152 0.0557567 9.10282e-005
2 0.941933 0.0579738 9.32471e-005
2 0.949138 0.0508614 3.00878e-007
3 0.0107428 0.987572 0.00168559
2 0.95046 0.0495393 8.20862e-007
3 0.0107328 0.987582 0.00168549
2 0.943693 0.0558101 0.000496972
2 0.937803 0.061703 0.000494187
2 0.966173 0.0335879 0.000238846
3 0.0107491 0.987565 0.0016857
2 0.944084 0.0558306 8.54304e-005
3 0.0107626 0.987551 0.00168628
2 0.955402 0.0168972 0.0277004
3 0.0107514 0.987558 0.00169018
2 0.953559 0.0464397 1.10178e-006
3 0.01074 0.987573 0.00168735
1 0.0292734 0.00146504 0.969262
3 0.0107503 0.987563 0.00168633
2 0.94715 0.0528496 3.69415e-007
3 0.0107382 0.987571 0.0016905
1 0.057183 0.00247766 0.940339
3 0.0107499 0.987559 0.00169084
1 0.219391 0.0211501 0.759459
3 0.0107498 0.98756 0.00168969
2 0.806721 0.0255413 0.167738
3 0.0107438 0.987567 0.00168866
2 0.708865 0.0200401 0.271095
3 0.0107652 0.987545 0.00168997
3 0.0107631 0.987551 0.00168629
2 0.947419 0.0525806 3.76539e-007
3 0.0107508 0.987562 0.00168729
2 0.944162 0.0558154 2.2131e-005
3 0.0107449 0.987569 0.00168617
2 0.96632 0.0336626 1.78428e-005
3 0.0107459 0.987565 0.00168917
2 0.942802 0.0489219 0.00827593
3 0.010736 0.987574 0.00169028
2 0.957294 0.0421304 0.000575894
3 0.01075 0.987559 0.00169109
2 0.961178 0.0388189 2.91408e-006
3 0.010757 0.987552 0.00169073
2 0.946656 0.0533431 7.34127e-007
3 0.0107342 0.98758 0.00168551
1 0.179726 0.0259111 0.794363
3 0.0107626 0.98755 0.00168742
1 0.0748141 0.019091 0.906095
3 0.0107519 0.987562 0.00168581
2 0.948855 0.0511443 2.65749e-007
3 0.0107459 0.987565 0.00168869
2 0.959768 0.0388632 0.00136828
3 0.01075 0.987562 0.00168832
1 0.120983 0.004562 0.874455
3 0.0107544 0.987555 0.00169053
1 0.0426778 0.00235678 0.954965
3 0.0107152 0.987599 0.00168551
2 0.960605 0.0393877 7.11983e-006
3 0.0107447 0.987569 0.00168661
2 0.966612 0.033119 0.000268919
3 0.0107644 0.987545 0.00169092
2 0.955394 0.0444675 0.000138053
3 0.0107499 0.987563 0.00168723
2 0.958277 0.041717 5.65862e-006
3 0.0107495 0.987562 0.00168858
2 0.950346 0.0496541 5.006e-008
3 0.0107688 0.987542 0.00168926
2 0.956195 0.0437988 5.99743e-006
3 0.0107447 0.987569 0.00168661
2 0.955361 0.0446326 6.03595e-006
3 0.0107666 0.987543 0.00169078
1 0.224792 0.00349306 0.771715
3 0.0107362 0.987575 0.00168918
3 0.010766 0.987547 0.00168657
2 0.948224 0.0500732 0.00170322
3 0.010747 0.987566 0.00168734
3 0.0107495 0.987565 0.00168578
2 0.94797 0.0520298 3.92682e-007
3 0.0107485 0.987564 0.00168725
1 0.143021 0.0097118 0.847267
3 0.0107468 0.987565 0.00168826
2 0.955187 0.0193884 0.0254247
3 0.0107583 0.987553 0.0016886
2 0.956583 0.0422333 0.00118394
3 0.0107615 0.987551 0.00168733
2 0.917911 0.0558712 0.0262181
3 0.00292752 0.995726 0.00134694
2 0.956028 0.0439672 5.0152e-006
3 0.0107501 0.98756 0.00168959
2 0.963915 0.0360699 1.51884e-005
3 0.0107557 0.987556 0.0016879
2 0.955906 0.0440726 2.1087e-005
3 0.0107353 0.987578 0.00168685
2 0.594751 0.00963217 0.395617
3 0.010768 0.987544 0.00168766
2 0.983953 0.0160136 3.32667e-005
3 0.0107614 0.98755 0.00168839
2 0.95454 0.0453753 8.4403e-005
3 0.0107682 0.987541 0.00169072
2 0.971568 0.0260701 0.00236193
3 0.0107617 0.987552 0.00168631
3 0.0107455 0.987564 0.0016903
2 0.950846 0.0470089 0.00214514
3 0.010761 0.987548 0.00169049
3 0.0107591 0.987555 0.0016861
1 0.0760759 0.000879952 0.923044
3 0.0107572 0.987554 0.00168904
2 0.949799 0.0502014 5.95823e-008
3 0.0107397 0.987571 0.00168885
2 0.950889 0.0491111 2.64075e-007
3 0.0107486 0.987564 0.00168752
2 0.970124 0.0236929 0.00618265
3 0.0107532 0.987561 0.00168586
1 0.183246 0.00251106 0.814243
3 0.0107669 0.987544 0.00168899
2 0.947033 0.0529665 8.71381e-008
3 0.0107397 0.987575 0.00168551
1 0.0522445 0.0109789 0.936777
3 0.0107331 0.987581 0.00168612
1 0.0784648 0.00128962 0.920246
3 0.0107497 0.987564 0.00168584
2 0.967748 0.032006 0.000246212
3 0.01075 0.987564 0.0016863
1 0.0893471 0.00546396 0.905189
3 0.0107455 0.987565 0.00168914
1 0.199118 0.00800551 0.792876
3 0.0107555 0.987558 0.00168628
2 0.955553 0.0444405 6.93664e-006
3 0.0107453 0.987565 0.00168948
3 0.0107591 0.987554 0.00168734
1 0.0857025 0.000954048 0.913343
3 0.0107555 0.987558 0.00168619
2 0.959433 0.0405618 4.72928e-006
3 0.0107463 0.987566 0.00168778
2 0.797804 0.0254949 0.176702
3 0.0106729 0.987645 0.00168244
2 0.959906 0.040089 5.06933e-006
3 0.0107434 0.987568 0.00168902
2 0.944401 0.0555988 1.28098e-007
3 0.0107442 0.987568 0.00168776
2 0.941939 0.0463466 0.011714
3 0.0107529 0.987561 0.00168599
3 0.0107444 0.987567 0.00168812
2 0.964456 0.0355415 2.3604e-006
3 0.0107361 0.987579 0.00168532
2 0.96381 0.036182 7.58477e-006
3 0.0107431 0.987569 0.00168812
2 0.976812 0.0177935 0.00539415
3 0.0107686 0.987544 0.00168716
2 0.963435 0.0365619 2.94143e-006
3 0.0107531 0.987559 0.00168754
3 0.0107591 0.987554 0.00168728
3 0.0107693 0.987541 0.00168921
2 0.944138 0.0557878 7.41158e-005
2 0.934862 0.0647671 0.000370847
2 0.944302 0.0556962 1.5059e-006
3 0.0107378 0.987574 0.00168821
2 0.782742 0.208229 0.00902877
2 0.766392 0.224768 0.00884007
3 0.0107507 0.987562 0.00168749
2 0.944209 0.0557822 8.90821e-006
3 0.0107494 0.987561 0.00168936
2 0.953697 0.0459132 0.000389543
3 0.0107523 0.987558 0.00168929
2 0.9661 0.0338975 2.59377e-006
3 0.010739 0.987572 0.00168938
2 0.948361 0.0516383 2.92026e-007
3 0.0107488 0.987563 0.00168824
2 0.769241 0.0197895 0.21097
3 0.0107445 0.987566 0.00168975
2 0.946485 0.0468783 0.00663681
3 0.0107636 0.987548 0.00168891
1 0.0309057 0.00181743 0.967277
3 0.0107648 0.987545 0.00169024
2 0.946002 0.0539934 4.68231e-006
3 0.0107589 0.987553 0.00168763
1 0.277332 0.00530504 0.717363
3 0.0107503 0.987562 0.00168782
2 0.961394 0.0367881 0.00181781
3 0.0107419 0.98757 0.00168802
2 0.953693 0.0463067 5.93328e-007
3 0.0107384 0.987575 0.00168636
2 0.960446 0.0387298 0.000824224
3 0.0107337 0.987577 0.0016893
3 0.0107372 0.987577 0.00168619
2 0.946005 0.0539939 6.58808e-007
3 0.0106187 0.987703 0.00167838
2 0.954464 0.044148 0.00138833
3 0.0107362 0.987575 0.00168863
2 0.956173 0.0437673 5.98997e-005
3 0.0107488 0.987564 0.00168715
3 0.0107629 0.987547 0.00168997
3 0.0107314 0.987582 0.00168689
2 0.94376 0.0556566 0.000583183
3 0.0107501 0.987561 0.00168854
2 0.934222 0.0553879 0.0103905
3 0.0107483 0.987565 0.0016866
2 0.955994 0.0440031 2.92063e-006
3 0.010749 0.987562 0.00168942
2 0.947362 0.0526378 4.14332e-007
3 0.0107029 0.987612 0.00168468
2 0.94803 0.0519642 6.06382e-006
3 0.0107496 0.98756 0.00169045
2 0.957827 0.0421465 2.62715e-005
3 0.0107526 0.987561 0.00168591
2 0.950274 0.0497264 5.00606e-008
3 0.0107649 0.987547 0.00168779
2 0.949844 0.0501068 4.88862e-005
3 0.010762 0.987549 0.00168883
2 0.930293 0.0555606 0.0141463
3 0.0107626 0.987549 0.00168849
2 0.944198 0.0558009 7.163e-007
3 0.0107407 0.987571 0.00168832
2 0.963755 0.0362331 1.17826e-005
3 0.0107514 0.987562 0.00168624
2 0.954168 0.0458315 4.64813e-007
3 0.0107481 0.987565 0.00168649
2 0.802701 0.0203808 0.176918
3 0.0107497 0.987564 0.00168585
2 0.942733 0.0557024 0.00156426
3 0.0107324 0.98758 0.00168723
2 0.767274 0.0244068 0.208319
3 0.0107509 0.98756 0.00168869
2 0.943858 0.0557161 0.00042549
3 0.0107522 0.987562 0.00168617
2 0.964287 0.0357064 6.63439e-006
3 0.0107527 0.987561 0.00168618
2 0.767468 0.0130133 0.219519
3 0.010732 0.987578 0.00169029
2 0.954635 0.0452967 6.81928e-005
3 0.0107336 0.987581 0.00168553
2 0.867742 0.0133702 0.118888
3 0.010736 0.987574 0.00168949
2 0.804809 0.0179204 0.17727
3 0.0107551 0.987557 0.00168833
3 0.0107491 0.987563 0.00168757
2 0.973835 0.0261642 9.56675e-007
3 0.0107373 0.987577 0.00168606
3 0.010737 0.987575 0.00168775
2 0.939794 0.0542089 0.0059969
3 0.0107598 0.987552 0.00168786
3 0.01075 0.987562 0.0016878
2 0.944099 0.0557365 0.000164602
3 0.0107617 0.987548 0.00168997
2 0.959469 0.0405271 3.50665e-006
3 0.010742 0.987571 0.00168696
2 0.951635 0.0483603 4.85627e-006
3 0.0107455 0.987565 0.00168994
2 0.961456 0.038526 1.77861e-005
3 0.0107372 0.987577 0.00168575
1 0.213355 0.00652444 0.780121
3 0.0107353 0.987579 0.00168606
2 0.956528 0.0434623 1.02102e-005
3 0.0105898 0.987736 0.00167389
2 0.806432 0.0164382 0.17713
3 0.0107503 0.98756 0.00168987
2 0.973387 0.0266119 7.69203e-007
3 0.0105167 0.987814 0.00166928
2 0.947351 0.0526477 1.23467e-006
3 0.0107616 0.98755 0.00168848
2 0.952721 0.0472767 2.1819e-006
3 0.0107489 0.987563 0.00168834
2 0.973881 0.0261096 9.21652e-006
3 0.0107583 0.987554 0.00168741
1 0.0908355 0.000779304 0.908385
3 0.0107497 0.987563 0.00168734
2 0.951646 0.0483534 9.04621e-008
3 0.0107639 0.987549 0.00168737
1 0.183074 0.00303676 0.81389
3 0.0107486 0.987564 0.00168754
2 0.950677 0.0492983 2.44565e-005
3 0.0107463 0.987566 0.00168733
2 0.96202 0.0379778 2.66714e-006
3 0.0107512 0.987561 0.00168824
2 0.967934 0.0204517 0.0116146
3 0.0107557 0.987557 0.00168715
2 0.813561 0.00820132 0.178238
3 0.0107459 0.987566 0.00168823
2 0.657946 0.0204568 0.321597
3 0.0107501 0.987562 0.00168831
2 0.760231 0.0151924 0.224577
3 0.0107504 0.98756 0.00168978
2 0.953624 0.0463293 4.68099e-005
3 0.0107362 0.987577 0.00168723
2 0.97721 0.0216284 0.00116184
3 0.0107683 0.987543 0.00168918
2 0.954227 0.0456789 9.44313e-005
3 0.0107605 0.987549 0.00169089
2 0.954826 0.0451691 4.87406e-006
3 0.0107334 0.987581 0.00168511
2 0.95167 0.0482824 4.79691e-005
3 0.0107448 0.987566 0.00168965
2 0.804181 0.0187638 0.177056
3 0.0107365 0.987576 0.00168777
2 0.930786 0.0362648 0.0329492
3 0.0107697 0.98754 0.00168993
2 0.949443 0.0505243 3.25442e-005
3 0.0107511 0.98756 0.00168869
3 0.010766 0.987546 0.001688
2 0.944166 0.0558343 6.30829e-008
3 0.0107435 0.987569 0.0016879
2 0.945839 0.0541604 5.04856e-007
3 0.0107577 0.987554 0.00168837
2 0.948936 0.0509951 6.86769e-005
3 0.0107664 0.987544 0.00168926
2 0.949111 0.0508877 1.08451e-006
3 0.0107509 0.987561 0.00168828
2 0.944292 0.0557072 3.91363e-007
2 0.941893 0.058107 3.91235e-007
2 0.960042 0.0312715 0.00868651
3 0.0107351 0.987578 0.00168685
2 0.980525 0.0193369 0.000138433
3 0.0107525 0.987561 0.00168606
2 0.96503 0.0349593 1.03719e-005
3 0.0107499 0.987563 0.00168706
2 0.938505 0.0554824 0.00601261
3 0.0107451 0.987568 0.00168711
2 0.968449 0.0315442 6.79205e-006
3 0.0105841 0.987744 0.00167226
1 0.196321 0.0175571 0.786122
3 0.0107537 0.987558 0.00168843
2 0.95613 0.0438647 5.52256e-006
3 0.0106397 0.987682 0.00167833
2 0.945733 0.0542663 6.02318e-007
3 0.0107383 0.987571 0.00169082
2 0.958214 0.0417817 4.50801e-006
3 0.0107515 0.987559 0.00168905
1 0.037275 0.00264241 0.960083
3 0.0107508 0.987558 0.00169077
2 0.980384 0.0186341 0.000982343
3 0.0107319 0.987583 0.0016851
2 0.961915 0.0331947 0.00489054
3 0.0107603 0.98755 0.00168931
2 0.965259 0.0347389 2.21893e-006
3 0.0107676 0.987545 0.00168705
2 0.948354 0.0516455 3.16251e-007
3 0.0107429 0.98757 0.00168679
2 0.947108 0.0528873 4.96589e-006
3 0.0107394 0.987572 0.00168842
2 0.959612 0.0403844 3.67564e-006
3 0.0107449 0.987568 0.0016871
2 0.944235 0.055763 1.61547e-006
3 0.0107489 0.987565 0.00168566
2 0.948917 0.0510797 3.71689e-006
3 0.0107584 0.987553 0.00168858
2 0.948441 0.0515582 7.84589e-007
3 0.0107495 0.987563 0.00168773
2 0.955037 0.0449503 1.23168e-005
3 0.0107506 0.987561 0.00168813
2 0.971682 0.0283154 2.88277e-006
3 0.0107505 0.98756 0.00168992
2 0.959153 0.0408432 3.44885e-006
3 0.0107492 0.987562 0.00168899
2 0.9499 0.0500992 3.4578e-007
3 0.0106613 0.987656 0.0016824
2 0.966591 0.0334062 2.57865e-006
3 0.0107513 0.98756 0.00168859
2 0.962807 0.0371891 3.98379e-006
3 0.0107595 0.987552 0.00168867
3 0.0107392 0.987573 0.00168809
2 0.977316 0.0224911 0.000192536
3 0.0107599 0.987552 0.00168838
2 0.948439 0.0515606 3.12659e-007
3 0.0107594 0.987552 0.00168836
2 0.944128 0.0558096 6.27208e-005
3 0.0107503 0.987559 0.00169037
2 0.74523 0.0113916 0.243378
3 0.0107592 0.987553 0.00168832
2 0.958339 0.0416485 1.24642e-005
3 0.0107433 0.987569 0.00168758
2 0.941601 0.0579018 0.000497016
3 0.0107586 0.987552 0.00168945
2 0.961205 0.0387923 3.11713e-006
3 0.0107422 0.987568 0.00169
2 0.95464 0.0453587 1.27509e-006
3 0.0107479 0.987566 0.00168561
1 0.110838 0.0174506 0.871711
3 0.0107405 0.98757 0.00168912
2 0.964405 0.01523 0.020365
3 0.0107538 0.987558 0.00168867
1 0.21438 0.00290063 0.782719
3 0.0107358 0.987578 0.00168627
2 0.973567 0.0264319 1.32977e-006
3 0.0107574 0.987555 0.00168784
1 0.101057 0.00656915 0.892374
3 0.0107509 0.98756 0.0016894
2 0.944284 0.0556934 2.22669e-005
3 0.010767 0.987545 0.00168815
2 0.945273 0.0547268 2.62622e-007
3 0.0107327 0.987578 0.00168931
3 0.0105644 0.987762 0.00167319
2 0.94793 0.052038 3.19727e-005
3 0.010758 0.987555 0.00168752
2 0.917939 0.0316867 0.0503739
3 0.0107469 0.987564 0.00168908
2 0.787478 0.0362161 0.176306
3 0.0107481 0.987561 0.00169037
2 0.944238 0.0557615 9.33047e-007
3 0.0107484 0.987564 0.00168793
2 0.952168 0.047828 4.0538e-006
3 0.0107664 0.987543 0.00169103
2 0.947963 0.0520364 2.46723e-007
3 0.0107555 0.987557 0.00168789
2 0.971675 0.0283185 6.62871e-006
3 0.0107459 0.987565 0.00168936
2 0.955083 0.0449084 8.53887e-006
3 0.0107678 0.98754 0.00169193
2 0.953192 0.0467827 2.56994e-005
3 0.0107613 0.98755 0.00168833
1 0.0432003 0.00249262 0.954307
3 0.0106479 0.987674 0.00167854
2 0.949424 0.0504563 0.000119667
3 0.010752 0.987557 0.00169096
2 0.972477 0.027521 1.59916e-006
3 0.010752 0.98756 0.00168801
2 0.94423 0.0557691 4.95489e-007
3 0.0107445 0.987566 0.00168939
2 0.978001 0.021158 0.000840547
3 0.0107404 0.987571 0.00168871
3 0.010753 0.987559 0.00168816
2 0.947411 0.0525884 2.09501e-007
3 0.0107247 0.987589 0.00168665
2 0.969373 0.0306237 2.92219e-006
3 0.0107515 0.987557 0.00169117
2 0.943526 0.0557404 0.000733952
3 0.0107489 0.987563 0.00168783
2 0.961624 0.0383634 1.25168e-005
3 0.0107509 0.98756 0.00168881
2 0.969491 0.0305066 2.79541e-006
3 0.0107438 0.987568 0.00168864
2 0.95466 0.0453392 4.39299e-007
3 0.0107437 0.987565 0.00169092
3 0.0107622 0.987548 0.00168988
2 0.951062 0.0489214 1.64004e-005
3 0.0107503 0.98756 0.00168944
2 0.966852 0.0309356 0.00221217
3 0.0107372 0.987575 0.00168784
2 0.975232 0.0247508 1.67921e-005
3 0.0107593 0.987552 0.00168825
1 0.152454 0.0116132 0.835933
3 0.0107522 0.987559 0.0016892
2 0.916126 0.0223082 0.0615654
3 0.0107511 0.987561 0.00168836
2 0.960029 0.0313432 0.00862808
3 0.0105904 0.987735 0.00167485
2 0.960774 0.0234905 0.0157353
3 0.0107678 0.987543 0.00168899
2 0.949567 0.0486199 0.0018132
3 0.0107326 0.98758 0.00168716
2 0.963136 0.0351542 0.00170956
3 0.0107511 0.987559 0.00168962
2 0.967205 0.03279 5.27829e-006
3 0.0107504 0.987559 0.00169098
2 0.946865 0.0531193 1.56796e-005
3 0.0107471 0.987565 0.00168817
2 0.941337 0.0433067 0.0153562
3 0.0107419 0.987571 0.00168705
2 0.946632 0.0336193 0.0197489
3 0.00452421 0.994032 0.0014438
2 0.888282 0.0196905 0.0920277
3 0.0107338 0.987579 0.00168766
2 0.964844 0.0351494 6.99263e-006
3 0.0107312 0.987583 0.00168608
2 0.809906 0.0761607 0.113934
3 0.0107402 0.987575 0.00168529
3 0.0107399 0.987574 0.00168577
2 0.936407 0.0554814 0.00811132
3 0.0107596 0.987554 0.00168651
2 0.954739 0.0452601 1.14069e-006
3 0.0107507 0.987558 0.00169111
2 0.795379 0.0281687 0.176452
3 0.0107478 0.987565 0.00168736
2 0.968037 0.0303061 0.00165665
3 0.0107335 0.987579 0.00168789
2 0.804204 0.0186024 0.177193
3 0.0107497 0.987564 0.00168665
2 0.898813 0.0196272 0.0815595
3 0.0107382 0.987574 0.00168783
2 0.967755 0.0322432 2.22773e-006
3 0.0107494 0.987562 0.00168887
2 0.9417 0.0556641 0.00263572
3 0.0107509 0.987561 0.0016883
2 0.96908 0.025992 0.00492754
3 0.0107492 0.987561 0.00168962
2 0.945586 0.052893 0.00152101
3 0.0107415 0.987571 0.00168794
2 0.956181 0.0438047 1.40141e-005
3 0.0107499 0.98756 0.00169005
2 0.946213 0.0537409 4.57631e-005
3 0.0107522 0.987559 0.00168929
2 0.875093 0.0338009 0.0911062
3 0.0107489 0.987563 0.00168814
2 0.959711 0.040283 5.69248e-006
3 0.0107421 0.987567 0.0016905
2 0.963745 0.0362506 4.53216e-006
3 0.0107491 0.987563 0.00168787
2 0.973624 0.0263641 1.16678e-005
3 0.0107495 0.987562 0.00168876
2 0.956625 0.0433703 4.80284e-006
3 0.010752 0.987559 0.00168851
3 0.0107502 0.987561 0.0016891
2 0.959476 0.0405204 3.25228e-006
3 0.0107576 0.987556 0.00168678
2 0.948396 0.0514927 0.000111704
3 0.0107688 0.987545 0.00168647
2 0.963893 0.0361041 3.07569e-006
3 0.0107266 0.987586 0.00168786
2 0.967104 0.0311053 0.00179048
3 0.0107484 0.987563 0.0016883
3 0.0107499 0.987563 0.00168664
3 0.0107485 0.987564 0.00168744
1 0.182988 0.00421869 0.812794
3 0.0107615 0.987551 0.00168768
1 0.0552703 0.00364873 0.941081
3 0.0107494 0.987563 0.00168719
2 0.952953 0.0470456 1.89597e-006
3 0.01075 0.987562 0.00168792
2 0.965413 0.0345803 6.23978e-006
3 0.0107489 0.987565 0.00168581
2 0.958593 0.0414032 3.63313e-006
3 0.0107396 0.987571 0.00168958
3 0.0107493 0.987565 0.00168572
2 0.92258 0.0314946 0.0459256
3 0.0107557 0.987555 0.00168904
2 0.970185 0.0265051 0.00330991
3 0.01076 0.987552 0.00168769
3 0.0107485 0.987564 0.00168732
2 0.970713 0.0292808 6.30699e-006
3 0.0107268 0.987585 0.00168771
2 0.949496 0.0505035 3.98562e-007
3 0.0107515 0.98756 0.00168836
2 0.953108 0.0468913 9.47437e-007
2 0.933116 0.0616955 0.00518859
2 0.806928 0.0156259 0.177446
2 0.948055 0.0518655 7.99023e-005
2 0.950219 0.0497788 2.48085e-006
3 0.0107586 0.987554 0.00168701
2 0.944188 0.0557961 1.56674e-005
3 0.0107489 0.987563 0.00168805
2 0.945733 0.0542669 2.45471e-007
3 0.0107311 0.987583 0.00168539
2 0.703432 0.0197042 0.276864
3 0.0107593 0.987552 0.001689
2 0.955513 0.0444872 6.30742e-008
3 0.0107483 0.987564 0.0016879
2 0.953434 0.0465657 6.06326e-008
3 0.010768 0.987542 0.0016903
2 0.947121 0.0515051 0.00137414
3 0.0107431 0.987567 0.00168976
2 0.950725 0.0492688 5.79005e-006
3 0.0107534 0.987558 0.00168857
2 0.949184 0.0508114 4.78095e-006
3 0.0107598 0.987551 0.00168938
2 0.96713 0.0328663 4.12423e-006
3 0.0107496 0.987565 0.00168552
3 0.0107447 0.987569 0.00168595
2 0.946932 0.0530681 6.6534e-008
3 0.0107416 0.987571 0.00168747
1 0.330535 0.0134208 0.656044
3 0.01066 0.987659 0.00168067
2 0.953085 0.0469143 7.72197e-007
3 0.010749 0.987561 0.00169007
2 0.946787 0.0531289 8.39287e-005
3 0.0107387 0.987572 0.00168954
1 0.0377278 0.00243062 0.959842
3 0.0106087 0.987716 0.00167524
2 0.973786 0.0262065 7.40421e-006
3 0.0107526 0.987561 0.00168647
2 0.799003 0.0241812 0.176816
3 0.206455 0.79189 0.00165566
2 0.951489 0.04851 5.72658e-007
3 0.0107591 0.987554 0.00168728
2 0.959552 0.0404422 5.50556e-006
3 0.010744 0.987568 0.00168808
2 0.965866 0.0166738 0.0174606
3 0.0107453 0.987568 0.00168711
2 0.954946 0.0450492 4.99166e-006
3 0.0107528 0.987561 0.00168635
2 0.978109 0.0164566 0.00543407
3 0.0107493 0.987561 0.00168952
2 0.954675 0.0453247 7.59098e-007
3 0.0107483 0.987561 0.00169022
2 0.959255 0.040741 4.19797e-006
3 0.0107526 0.987558 0.00168901
2 0.973045 0.0267944 0.000160833
3 0.0107536 0.98756 0.00168629
2 0.944535 0.0552573 0.000207331
3 0.0107543 0.987555 0.00169056
2 0.953072 0.0469154 1.22626e-005
3 0.0107492 0.987563 0.00168817
2 0.807348 0.0152363 0.177416
2 0.731673 0.267941 0.000386043
2 0.957626 0.0423631 1.11255e-005
3 0.0107484 0.987566 0.00168602
1 0.23394 0.0067926 0.759268
3 0.0107442 0.987568 0.00168809
2 0.957697 0.0422984 4.53894e-006
3 0.0107325 0.987578 0.00168984
2 0.954775 0.0452197 5.79252e-006
3 0.0107612 0.98755 0.00168873
2 0.949605 0.0503934 1.76693e-006
3 0.0107485 0.987565 0.00168635
2 0.945152 0.0548386 9.71618e-006
3 0.0107428 0.98757 0.00168698
2 0.952943 0.0470556 9.24996e-007
3 0.0107508 0.987563 0.00168614
2 0.944319 0.0556813 5.0144e-008
3 0.0107519 0.987559 0.00168928
2 0.977823 0.0180693 0.0041075
3 0.0107519 0.987561 0.00168703
2 0.964304 0.0356829 1.31821e-005
3 0.0106933 0.987621 0.00168596
2 0.868053 0.0625343 0.0694127
3 0.010748 0.987563 0.00168884
2 0.963952 0.0360413 6.28512e-006
3 0.0107412 0.987572 0.00168705
2 0.981386 0.0178393 0.000775108
3 0.0107319 0.987583 0.00168508
2 0.966404 0.0332999 0.000296156
3 0.0107548 0.987556 0.00168921
2 0.958818 0.041163 1.88608e-005
3 0.0107339 0.987577 0.00168873
2 0.955857 0.0441424 5.98922e-007
3 0.0107527 0.98756 0.00168684
2 0.969808 0.0298987 0.000293393
3 0.0107582 0.987551 0.00169056
2 0.793243 0.0151375 0.191619
3 0.0107483 0.987565 0.00168705
2 0.960781 0.0382207 0.000998276
3 0.0107324 0.987579 0.00168875
2 0.94715 0.052829 2.13261e-005
3 0.0106783 0.987637 0.00168427
2 0.949332 0.0506683 5.007e-008
3 0.01075 0.987562 0.00168789
2 0.626547 0.00664407 0.366809
3 0.0107668 0.987541 0.0016919
2 0.953702 0.046298 7.52261e-008
3 0.0107211 0.987594 0.00168485
2 0.667619 0.0201533 0.312227
3 0.0107633 0.987549 0.00168783
2 0.95155 0.0484495 1.38212e-007
3 0.0107523 0.987559 0.00168887
1 0.181791 0.0193754 0.798834
3 0.0107408 0.987573 0.0016859
2 0.586578 0.0260091 0.387412
3 0.0107434 0.987569 0.00168714
2 0.944198 0.0558005 1.11622e-006
3 0.0107634 0.987548 0.00168888
2 0.96502 0.0349691 1.11639e-005
3 0.0107501 0.98756 0.00169017
2 0.968961 0.0310381 1.29656e-006
3 0.0107369 0.987578 0.00168532
2 0.949839 0.0501612 2.53619e-007
3 0.0107502 0.987561 0.00168855
2 0.969685 0.0303056 8.94843e-006
3 0.0107326 0.98758 0.00168693
2 0.944183 0.0558172 2.00403e-007
2 0.941892 0.0581077 2.02651e-007
2 0.950412 0.0487596 0.000828871
3 0.0107541 0.987558 0.00168843
2 0.972931 0.0270598 9.19521e-006
3 0.0107561 0.987555 0.00168853
2 0.965487 0.0344992 1.42369e-005
3 0.0107523 0.987562 0.00168579
2 0.96434 0.0353181 0.000341934
3 0.010743 0.987571 0.00168615
1 0.0318128 0.00231907 0.965868
3 0.0107415 0.98757 0.00168809
3 0.0107666 0.987545 0.00168833
2 0.938934 0.0554923 0.00557351
2 0.936525 0.0579134 0.00556197
2 0.950297 0.0497023 7.57924e-007
3 0.0107361 0.987576 0.00168768
2 0.948515 0.0512088 0.000276559
3 0.0107525 0.987561 0.00168605
2 0.951174 0.0488257 3.69564e-007
3 0.010753 0.987557 0.00169032
2 0.948817 0.0511342 4.89997e-005
3 0.0107582 0.987555 0.00168678
2 0.958149 0.0418473 3.85495e-006
3 0.0107581 0.987552 0.00169019
2 0.959595 0.0403998 4.96835e-006
3 0.0107533 0.987561 0.00168599
3 0.0107573 0.987552 0.00169066
3 0.0107501 0.987561 0.00168857
2 0.954488 0.0455118 1.0082e-007
3 0.0107518 0.987562 0.00168582
2 0.94056 0.0235827 0.0358578
3 0.010765 0.987548 0.00168662
3 0.0107447 0.98757 0.00168572
2 0.927517 0.0211082 0.051375
3 0.0107639 0.987547 0.00168918
2 0.960091 0.0398956 1.37905e-005
3 0.0107542 0.987557 0.00168845
2 0.947019 0.0529744 6.83541e-006
3 0.0107323 0.98758 0.0016878
2 0.941885 0.0556314 0.00248376
3 0.0107598 0.98755 0.00169044
1 0.0410477 0.00320126 0.955751
3 0.0107499 0.987564 0.00168615
2 0.971686 0.0282686 4.51217e-005
3 0.0107479 0.987564 0.00168831
2 0.859485 0.0221884 0.118327
3 0.0107603 0.987553 0.00168687
2 0.944015 0.0556893 0.000296033
3 0.0107587 0.987553 0.00168792
2 0.965195 0.0347695 3.57581e-005
3 0.0107404 0.987573 0.00168695
2 0.512274 0.00725111 0.480475
3 0.0107409 0.987572 0.00168693
2 0.945456 0.0544774 6.64563e-005
3 0.0107486 0.987564 0.00168765
3 0.0107629 0.987547 0.00169003
1 0.0832203 0.00128019 0.9155
3 0.0107494 0.98756 0.00169013
2 0.979441 0.0201245 0.00043442
3 0.0107295 0.987823 0.00144734
2 0.950877 0.0491129 9.651e-006
3 0.0107603 0.987551 0.00168871
2 0.98086 0.0190531 8.6715e-005
3 0.01075 0.987561 0.00168937
2 0.945188 0.054803 8.85145e-006
3 0.01075 0.987561 0.00168867
3 0.0107493 0.987565 0.0016854
2 0.944218 0.0557805 1.65496e-006
3 0.0107508 0.987562 0.00168723
2 0.95541 0.0445838 5.76042e-006
3 0.0107526 0.987557 0.00169045
2 0.955348 0.043702 0.000950147
3 0.0107494 0.987563 0.00168772
2 0.957989 0.0420073 4.13548e-006
3 0.0107559 0.987556 0.00168794
2 0.797105 0.0734248 0.12947
3 0.0107312 0.987581 0.0016881
2 0.960364 0.0396325 3.93949e-006
3 0.0107455 0.987565 0.00168965
2 0.978779 0.0174687 0.00375277
3 0.0107487 0.987566 0.00168569
2 0.954955 0.0399864 0.00505812
3 0.0107493 0.987564 0.00168671
2 0.785992 0.040496 0.173512
3 0.0107489 0.987564 0.00168731
2 0.955482 0.0445174 1.56998e-007
3 0.0107531 0.987559 0.00168775
2 0.967108 0.0324775 0.000414677
3 0.0107354 0.987577 0.00168772
2 0.949802 0.0501975 3.84256e-007
3 0.0107486 0.987564 0.00168687
2 0.944098 0.0558289 7.3442e-005
3 0.0107492 0.987562 0.00168865
3 0.0107545 0.987557 0.00168816
2 0.950665 0.0493345 7.95935e-007
3 0.01075 0.98756 0.00169028
2 0.979715 0.0193415 0.000943666
3 0.0107581 0.987553 0.00168874
3 0.0107358 0.987574 0.00168995
2 0.958939 0.0410567 4.46868e-006
3 0.0107479 0.987565 0.0016867
2 0.960338 0.0396586 3.5983e-006
3 0.0107497 0.987562 0.00168789
3 0.0107575 0.987555 0.00168743
2 0.61612 0.111644 0.272235
3 0.0107555 0.987558 0.00168679
2 0.957218 0.0286603 0.0141215
3 0.0107488 0.987564 0.00168717
3 0.0107514 0.987563 0.00168586
3 0.0107453 0.987566 0.00168843
2 0.97139 0.028603 7.33892e-006
3 0.0107494 0.987563 0.00168739
2 0.967835 0.0321011 6.36911e-005
3 0.0107577 0.987554 0.00168857
2 0.809002 0.0131653 0.177833
3 0.0107419 0.987572 0.00168622
2 0.944302 0.055698 5.52592e-008
3 0.0107487 0.987563 0.0016884
2 0.956222 0.0437776 3.12852e-007
3 0.0107338 0.987576 0.00169001
2 0.969971 0.030023 6.09592e-006
3 0.0107684 0.987541 0.00169042
2 0.917866 0.0215637 0.0605698
3 0.0107329 0.987577 0.00168985
2 0.972937 0.0270555 7.82124e-006
3 0.0107484 0.987563 0.00168908
2 0.968318 0.0238557 0.00782611
3 0.0107365 0.987575 0.00168901
2 0.972484 0.0275138 1.86751e-006
3 0.0107595 0.987553 0.00168736
3 0.0107329 0.987579 0.00168772
2 0.808322 0.0141965 0.177481
3 0.0107488 0.987562 0.00168876
2 0.960249 0.0397474 3.51791e-006
3 0.01075 0.987562 0.00168839
2 0.897708 0.0229685 0.0793234
3 0.0107361 0.987576 0.00168739
2 0.981187 0.0130435 0.00576913
3 0.01076 0.987549 0.00169141
3 0.0107543 0.987559 0.00168685
2 0.97797 0.021432 0.000597528
3 0.0107417 0.987572 0.00168593
2 0.947418 0.0525771 4.79592e-006
3 0.0107427 0.987572 0.00168542
2 0.733046 0.0150412 0.251913
3 0.0107398 0.987575 0.0016853
2 0.960528 0.0394671 4.60704e-006
3 0.010751 0.987558 0.00169107
2 0.972026 0.0268137 0.00116005
3 0.010749 0.987563 0.00168827
2 0.977749 0.0221212 0.000129435
3 0.0107488 0.987561 0.00169035
2 0.972826 0.0271727 1.30124e-006
3 0.0107443 0.987568 0.00168806
2 0.934356 0.0162151 0.0494284
3 0.0107486 0.987561 0.00169048
3 0.0107358 0.987576 0.00168822
2 0.79997 0.0345933 0.165436
3 0.0107485 0.987564 0.00168781
2 0.961501 0.0384955 3.50513e-006
3 0.010749 0.987561 0.00169017
2 0.956943 0.0429517 0.000105202
3 0.0107498 0.987561 0.00168875
2 0.946233 0.0537666 6.81387e-008
3 0.0107388 0.987574 0.00168743
2 0.954398 0.0456018 6.09092e-008
3 0.0107496 0.987562 0.00168817
2 0.957095 0.0429008 4.0422e-006
3 0.0107565 0.987555 0.00168837
3 0.0107422 0.98757 0.00168768
2 0.960328 0.0396682 3.85662e-006
3 0.0107371 0.987578 0.00168492
2 0.844365 0.0678358 0.0877996
3 0.0107595 0.987551 0.00168976
3 0.010741 0.987573 0.00168646
2 0.950306 0.0496937 5.00603e-008
3 0.0107422 0.987572 0.00168534
2 0.96056 0.0393924 4.714e-005
3 0.0107499 0.987564 0.00168624
3 0.0107018 0.987614 0.00168428
3 0.0107506 0.987564 0.00168583
2 0.962407 0.0375738 1.90589e-005
3 0.0107512 0.987559 0.00168967
2 0.95752 0.042475 4.88188e-006
3 0.0106804 0.987638 0.00168169
2 0.944232 0.0557352 3.31721e-005
2 0.939654 0.0603132 3.31126e-005
2 0.966693 0.0333015 5.8495e-006
3 0.0107418 0.98757 0.00168806
3 0.0107317 0.987581 0.0016869
2 0.962357 0.0368268 0.000816414
3 0.0107638 0.987547 0.00168897
3 0.0107415 0.987571 0.00168754
3 0.0107486 0.987561 0.00169005
3 0.0106705 0.987648 0.00168155
2 0.963402 0.0365915 6.31118e-006
3 0.0107496 0.987564 0.00168626
2 0.961303 0.0381638 0.000532846
3 0.0107358 0.987578 0.00168634
2 0.949065 0.0506665 0.000268587
3 0.010762 0.98755 0.00168772
2 0.852645 0.0115781 0.135777
3 0.0107436 0.987567 0.00168961
3 0.0107489 0.987563 0.00168802
3 0.0107522 0.987561 0.00168639
2 0.941306 0.051801 0.00689286
3 0.0107436 0.987569 0.0016875
3 0.0107543 0.987559 0.00168644
